3 2 8 3 144 
17 1 9 1 110 
3 2 1 3 71 
19 1 12 2 139 
11 1 2 2 142 
9 1 4 3 122 
18 1 10 0 154 
7 0 5 0 145 
17 2 14 2 163 
7 1 3 0 112 
16 0 14 1 128 
12 2 9 0 183 
0 0 0 3 186 
17 0 6 0 147 
15 1 10 3 111 
1 1 11 1 173 
19 1 3 0 168 
6 2 6 2 108 
10 2 5 0 144 
12 2 14 1 132 
11 2 7 3 196 
2 1 4 3 128 
11 2 0 2 146 
16 2 10 1 192 
11 0 9 1 136 
3 0 0 3 125 
7 0 1 3 139 
7 2 12 3 171 
8 2 13 2 177 
4 0 7 1 140 
6 2 8 1 132 
6 0 3 0 188 
14 2 6 2 176 
16 1 3 0 199 
3 1 4 3 196 
3 2 14 3 199 
6 2 7 0 136 
5 1 4 1 152 
4 0 10 0 151 
0 2 3 0 167 
13 2 6 1 115 
9 1 2 1 190 
2 0 5 0 189 
0 1 7 0 116 
3 0 7 0 199 
8 1 13 1 112 
2 2 13 0 123 
12 0 10 3 135 
0 0 12 0 111 
14 2 14 1 195 
0 2 5 3 144 
0 0 14 2 117 
6 2 12 3 154 
11 2 6 2 138 
16 2 13 2 101 
13 2 8 0 135 
5 0 8 0 132 
8 0 8 0 155 
15 1 1 1 151 
15 1 3 0 105 
3 1 8 3 145 
12 2 11 0 143 
6 1 2 1 194 
3 0 14 2 196 
13 0 6 2 114 
3 1 0 3 174 
13 0 5 2 160 
3 2 2 1 196 
8 2 9 2 122 
4 0 14 3 125 
12 1 13 0 117 
11 2 3 0 167 
4 1 2 0 131 
3 1 13 2 108 
16 0 5 3 162 
15 1 11 3 113 
6 1 3 2 197 
5 0 11 0 152 
18 2 8 2 175 
3 2 7 3 161 
1 0 13 1 192 
5 2 11 2 192 
0 1 11 0 171 
3 1 0 0 172 
6 2 0 1 155 
7 0 7 0 184 
10 0 14 2 187 
3 2 0 0 101 
17 2 8 2 185 
2 0 12 2 125 
3 1 7 2 109 
12 0 12 2 135 
18 2 14 1 124 
13 2 10 3 186 
1 0 8 1 104 
17 1 11 3 187 
8 1 14 1 151 
5 1 2 2 196 
11 1 9 3 112 
11 1 5 3 122 
11 1 10 2 146 
1 1 0 3 130 
15 2 7 2 111 
16 1 0 2 157 
5 2 0 1 114 
16 0 8 0 152 
3 2 2 3 144 
2 2 2 1 156 
6 1 10 3 155 
18 0 9 1 154 
18 1 6 0 157 
10 2 12 0 195 
0 1 6 2 103 
19 0 4 2 135 
15 1 3 2 151 
19 1 4 1 139 
17 2 6 0 124 
13 2 6 3 102 
2 0 11 2 162 
16 0 8 1 127 
0 0 11 0 124 
0 2 13 0 195 
10 1 10 1 177 
3 1 13 0 166 
9 1 4 1 130 
5 2 6 1 109 
2 1 10 0 178 
9 2 5 0 157 
6 0 0 3 115 
18 2 9 2 157 
11 2 12 3 155 
4 0 10 1 90 
6 0 9 1 157 
7 2 10 3 123 
6 0 10 3 150 
3 2 10 1 149 
18 1 14 0 107 
18 0 7 0 107 
19 1 6 1 181 
18 2 3 0 146 
1 1 9 2 184 
12 1 5 2 135 
13 2 2 2 116 
12 1 9 0 102 
10 2 13 3 129 
5 0 5 2 135 
9 0 1 2 101 
10 1 12 0 165 
16 0 3 0 106 
11 0 0 0 132 
4 0 9 1 154 
8 1 12 2 118 
14 2 8 2 102 
10 0 2 0 115 
17 2 12 0 181 
10 0 3 0 160 
4 1 12 2 132 
13 1 9 0 188 
11 1 9 0 117 
15 0 10 1 117 
1 0 10 3 198 
12 2 5 1 163 
12 2 14 3 196 
5 1 10 3 168 
13 0 12 1 194 
13 0 2 1 170 
11 0 4 1 152 
8 0 5 0 157 
2 0 5 1 172 
3 1 10 1 110 
12 0 11 3 182 
11 2 0 3 134 
1 0 1 1 144 
2 2 10 3 187 
18 0 4 0 78 
16 2 7 3 134 
3 1 13 3 118 
9 2 0 1 105 
17 1 14 0 200 
6 2 10 2 115 
10 1 6 0 163 
9 2 4 1 181 
17 2 8 1 193 
17 0 11 1 197 
16 1 5 2 183 
9 0 3 3 111 
0 2 2 3 188 
9 0 4 0 113 
15 1 14 1 164 
9 0 5 3 102 
10 0 12 0 122 
1 1 0 0 108 
5 0 7 2 136 
18 0 2 3 109 
6 0 4 3 169 
4 0 3 0 127 
7 0 14 2 108 
17 1 13 3 169 
9 1 10 3 126 
13 0 0 2 123 
18 0 3 0 142 
0 2 5 1 182 
4 0 3 3 148 
17 2 11 3 165 
19 2 8 3 105 
14 0 13 3 168 
17 1 12 1 200 
17 2 9 3 134 
8 0 2 2 157 
15 1 5 2 113 
10 1 11 0 111 
1 2 13 0 176 
12 1 12 3 160 
7 0 13 0 105 
12 2 6 0 110 
6 2 12 0 110 
1 0 7 3 126 
1 1 8 2 131 
18 1 13 2 172 
9 0 7 3 157 
4 1 6 0 179 
1 1 8 0 139 
6 0 12 2 131 
2 0 6 3 200 
9 0 14 3 106 
8 0 0 0 153 
3 1 5 3 125 
5 1 1 0 164 
10 0 6 0 181 
14 1 12 2 139 
0 1 0 0 193 
2 0 6 0 128 
19 0 1 0 103 
2 2 12 1 185 
17 2 6 3 151 
19 1 13 3 155 
2 0 12 3 139 
5 2 14 0 148 
15 1 13 1 171 
4 1 10 0 148 
3 2 12 1 174 
19 2 2 1 191 
4 1 2 1 182 
11 2 0 1 104 
19 2 7 0 199 
11 2 4 3 105 
10 0 13 0 189 
16 1 8 0 91 
7 1 14 3 130 
3 2 1 1 152 
17 2 3 2 126 
7 1 14 2 143 
16 2 7 1 123 
4 1 10 3 13 
1 1 0 1 173 
12 1 4 2 176 
3 2 9 2 141 
8 1 5 1 163 
11 1 14 3 183 
13 0 11 3 132 
6 1 5 2 154 
9 2 13 1 184 
18 2 8 1 173 
14 2 11 0 140 
5 2 11 1 90 
6 1 9 0 114 
16 2 4 0 147 
8 2 14 3 132 
17 1 3 0 136 
17 2 13 3 159 
17 0 6 2 136 
19 2 5 3 182 
15 0 8 3 148 
15 0 3 1 103 
6 2 3 3 150 
13 2 14 3 158 
1 0 0 3 155 
12 1 8 3 135 
6 2 0 0 169 
19 0 13 2 120 
16 2 10 3 133 
13 2 7 2 151 
16 1 10 2 104 
6 1 1 0 155 
15 2 0 1 160 
6 0 10 2 130 
19 0 8 2 119 
11 0 6 3 182 
14 1 11 3 181 
11 1 3 3 26 
12 2 1 2 134 
1 0 12 1 117 
5 2 10 0 134 
17 1 12 0 153 
10 0 3 2 140 
16 0 0 3 200 
13 1 13 3 194 
7 0 3 2 154 
8 1 4 1 173 
12 1 2 0 101 
3 2 8 0 193 
10 1 5 2 192 
1 1 10 2 135 
12 1 14 3 142 
7 1 10 0 169 
13 1 0 1 151 
19 1 12 1 166 
2 1 1 0 18 
16 1 7 3 165 
2 2 6 2 123 
3 2 13 3 124 
18 1 10 1 182 
9 0 14 1 135 
14 2 13 3 168 
19 0 3 1 101 
0 2 10 3 176 
7 2 1 0 157 
4 2 3 2 128 
13 0 4 2 136 
8 0 3 0 196 
11 0 2 0 140 
15 1 3 1 143 
13 1 6 0 186 
13 0 8 1 144 
7 1 14 0 183 
5 2 0 3 107 
1 2 4 2 181 
18 0 6 3 160 
4 2 14 2 112 
14 2 10 2 185 
18 1 7 3 128 
0 2 11 2 122 
0 2 13 1 133 
5 1 14 3 198 
2 0 13 1 101 
9 2 5 3 139 
14 0 0 0 143 
1 0 10 2 186 
3 1 12 3 200 
6 1 7 1 175 
14 2 3 0 122 
19 0 12 1 194 
14 1 14 2 142 
5 0 14 2 162 
15 0 1 2 111 
15 1 8 0 177 
12 1 12 0 143 
1 1 9 0 43 
19 0 4 0 138 
11 2 8 0 187 
13 0 0 1 143 
19 1 3 2 153 
2 0 0 1 126 
12 2 2 2 143 
7 0 6 3 153 
10 1 7 1 191 
10 0 8 1 169 
16 2 8 2 195 
18 2 12 1 176 
12 1 14 2 148 
9 1 3 3 179 
7 0 12 2 151 
17 2 4 0 136 
13 0 5 1 157 
11 0 11 0 117 
5 2 8 3 174 
10 1 13 0 146 
8 2 5 3 160 
9 1 7 3 140 
14 1 0 0 116 
13 1 10 2 184 
0 0 2 3 169 
5 0 13 3 193 
7 0 4 0 130 
3 1 4 0 155 
16 0 2 3 105 
8 1 1 2 105 
16 0 6 1 149 
4 1 5 0 163 
8 1 1 1 121 
0 1 7 1 192 
8 1 13 3 128 
15 1 9 2 129 
3 1 8 0 193 
7 0 3 1 157 
7 2 12 2 145 
12 2 8 0 146 
4 1 3 0 117 
13 1 14 2 161 
12 0 10 1 108 
0 2 2 2 128 
15 1 9 0 116 
15 2 14 0 154 
8 1 11 2 131 
7 2 0 2 128 
18 0 0 2 106 
12 2 8 3 122 
14 2 11 3 151 
14 2 13 0 194 
1 2 2 0 162 
4 1 12 3 158 
6 0 14 3 146 
14 1 10 0 116 
10 2 8 3 162 
12 1 10 2 156 
18 2 4 0 149 
14 0 11 1 161 
5 0 5 0 196 
6 0 11 3 114 
8 2 7 1 141 
5 0 0 2 118 
7 1 6 1 154 
3 1 11 3 180 
16 0 11 1 135 
9 1 6 2 169 
11 2 5 1 121 
11 2 6 3 182 
18 0 12 0 125 
8 0 9 1 112 
15 2 4 2 166 
2 2 8 3 58 
2 2 6 0 177 
15 0 2 2 117 
12 0 13 3 132 
10 0 6 3 178 
5 0 1 1 133 
5 1 3 2 193 
5 2 10 2 160 
17 1 5 0 109 
16 1 8 3 190 
13 2 4 1 139 
11 2 13 3 197 
15 0 10 3 184 
12 2 12 1 187 
14 0 6 2 133 
9 0 14 0 104 
1 1 5 3 151 
5 2 3 1 178 
2 1 1 3 168 
19 1 3 3 174 
8 2 4 0 200 
9 1 10 0 154 
5 2 6 2 198 
18 0 2 0 131 
8 0 2 0 198 
1 2 6 2 108 
6 2 2 2 117 
9 0 3 0 198 
15 2 11 3 162 
15 0 8 0 114 
8 0 7 0 121 
9 2 4 0 176 
8 0 0 2 182 
11 0 7 3 136 
14 0 12 1 107 
15 2 5 1 137 
11 2 6 0 181 
13 2 12 3 125 
3 0 4 1 159 
17 1 4 1 131 
7 2 4 3 122 
18 2 6 1 161 
15 2 12 1 185 
9 1 8 3 178 
2 1 14 2 159 
4 2 10 3 156 
18 1 6 1 176 
7 2 10 2 118 
9 2 11 3 110 
4 0 0 3 134 
8 2 2 3 176 
6 1 12 2 117 
18 2 13 2 161 
7 1 1 3 179 
5 2 14 3 141 
5 1 4 3 151 
5 2 10 3 178 
13 0 9 0 182 
19 0 7 1 189 
0 0 4 3 176 
14 2 4 0 178 
9 1 1 3 132 
4 1 2 3 168 
2 2 3 3 173 
9 1 4 0 119 
6 2 9 1 155 
6 0 13 3 130 
19 1 0 1 175 
9 0 10 3 142 
18 1 13 1 163 
18 2 7 3 117 
6 1 12 3 183 
9 1 13 2 118 
10 2 4 0 186 
7 0 0 0 112 
12 1 7 3 178 
10 2 4 2 166 
13 2 5 2 162 
11 2 13 1 197 
15 1 6 3 139 
17 1 12 2 118 
4 1 0 1 114 
10 2 8 2 150 
6 2 5 2 187 
14 1 1 3 120 
9 1 12 1 135 
19 0 11 2 179 
3 0 5 1 156 
17 2 3 3 122 
11 2 2 1 194 
10 0 14 3 158 
1 2 11 3 104 
0 0 11 3 114 
11 1 5 2 168 
3 2 13 0 103 
19 2 14 2 172 
9 2 6 2 194 
2 1 13 2 134 
10 2 14 2 105 
17 0 9 0 176 
2 1 9 0 199 
1 2 0 1 152 
0 2 3 2 190 
19 0 5 2 195 
4 2 0 3 164 
8 2 7 2 184 
14 1 0 1 42 
13 0 2 2 136 
16 2 2 1 169 
14 0 0 1 143 
11 1 8 0 125 
10 0 9 0 167 
17 0 12 1 122 
1 0 4 3 107 
11 2 13 2 101 
13 2 6 0 101 
1 0 11 2 118 
15 0 9 3 103 
0 2 8 1 186 
1 1 6 0 157 
2 0 2 1 198 
10 0 10 3 190 
6 0 14 2 172 
19 2 10 2 145 
5 2 9 0 111 
10 2 7 1 162 
5 1 6 3 192 
5 0 9 3 162 
3 1 3 0 167 
12 2 7 2 131 
16 0 8 2 148 
12 1 9 3 101 
7 1 9 1 182 
8 0 0 3 184 
9 1 12 2 148 
0 1 5 3 114 
9 2 14 2 109 
7 0 12 3 198 
16 2 1 0 116 
10 1 7 3 184 
5 1 6 2 149 
14 2 5 1 95 
3 1 1 2 185 
2 0 8 1 113 
14 1 9 3 163 
15 0 14 2 159 
11 2 1 1 117 
14 0 1 3 128 
14 1 5 3 162 
18 2 5 1 137 
19 2 4 2 200 
3 0 14 3 187 
9 0 3 2 106 
15 2 3 1 175 
18 0 7 3 169 
10 2 12 1 59 
0 2 3 3 114 
12 1 12 1 181 
7 1 2 3 116 
1 2 5 2 10 
5 2 0 2 167 
14 2 9 0 174 
0 1 8 3 128 
3 2 0 1 115 
15 1 10 2 118 
10 1 14 1 159 
12 2 7 3 157 
17 2 5 2 150 
10 1 7 0 192 
8 1 4 0 101 
9 0 1 3 169 
16 0 9 1 173 
10 0 9 2 135 
16 0 11 3 185 
5 1 1 1 135 
9 2 14 1 169 
3 1 12 1 197 
16 2 7 2 177 
12 0 13 2 170 
17 1 5 3 121 
1 1 4 3 112 
2 0 7 3 158 
12 1 3 0 107 
16 1 9 3 117 
14 2 10 0 162 
10 2 13 1 124 
7 2 14 0 127 
13 0 11 2 164 
4 1 10 2 151 
9 2 7 0 111 
9 1 0 1 155 
3 1 11 2 182 
4 1 10 1 162 
6 0 12 1 159 
2 0 0 0 189 
6 1 7 3 159 
11 0 8 0 200 
5 2 1 2 164 
9 0 11 1 149 
16 1 1 1 105 
13 2 1 0 183 
3 0 2 1 130 
13 2 12 1 135 
2 1 12 3 173 
8 0 12 2 165 
18 2 13 1 122 
12 2 8 1 120 
4 0 11 3 161 
19 0 14 0 184 
3 2 4 3 151 
3 0 6 2 179 
15 2 0 2 151 
15 1 5 1 157 
6 2 1 1 154 
19 1 14 2 104 
16 0 11 2 181 
1 2 3 2 110 
15 2 14 2 132 
16 1 4 0 118 
10 1 10 3 196 
0 1 9 0 132 
7 1 9 0 130 
0 2 2 0 137 
10 2 0 0 116 
15 1 10 1 167 
19 0 4 1 163 
8 0 2 1 153 
18 0 8 0 105 
13 2 14 1 117 
3 0 14 0 126 
10 2 3 0 121 
3 0 12 0 122 
16 1 2 2 190 
17 2 2 2 173 
1 2 7 2 189 
12 0 2 3 102 
0 2 10 2 113 
6 1 5 3 144 
1 2 6 1 152 
7 2 8 1 115 
18 0 13 2 146 
8 2 9 3 181 
4 0 1 3 198 
16 0 2 1 190 
3 2 5 1 193 
18 0 8 1 189 
10 2 13 2 108 
17 1 1 0 126 
4 1 3 1 125 
6 1 14 3 157 
16 2 0 3 136 
3 0 13 3 138 
4 0 9 0 175 
11 0 1 1 151 
9 2 11 0 129 
16 1 13 1 140 
8 2 11 2 105 
6 2 10 1 188 
0 1 13 2 102 
17 0 5 1 115 
8 2 12 0 121 
3 0 10 3 196 
2 2 5 0 116 
19 1 7 2 191 
7 2 9 3 103 
17 1 4 0 138 
13 1 5 1 105 
17 1 11 2 135 
0 0 13 2 191 
18 1 3 2 196 
4 1 14 2 130 
9 1 9 1 170 
6 1 13 0 107 
2 0 12 0 195 
6 1 9 2 189 
16 1 9 1 125 
16 2 0 0 135 
16 1 2 0 135 
8 0 1 1 103 
7 1 11 3 121 
17 1 2 3 188 
16 2 0 1 191 
9 2 8 0 149 
0 0 5 3 188 
0 1 8 2 140 
5 0 4 0 188 
10 1 12 1 112 
13 2 11 0 200 
16 1 6 0 119 
5 2 12 0 158 
12 1 13 3 200 
18 1 0 0 156 
10 0 14 1 187 
13 2 9 2 172 
14 0 6 3 123 
16 1 2 1 196 
19 0 1 2 126 
12 0 7 3 168 
15 2 7 3 115 
14 2 10 3 133 
8 0 7 3 131 
8 1 3 0 157 
17 0 3 3 110 
11 2 7 2 117 
17 1 9 0 171 
9 2 9 3 131 
5 1 4 0 106 
15 2 7 1 116 
14 2 11 2 170 
19 2 6 1 190 
11 2 1 3 158 
6 2 3 0 133 
12 1 2 1 184 
7 2 7 0 184 
10 2 13 0 163 
2 2 2 0 189 
15 0 2 3 138 
0 2 9 0 155 
5 0 7 0 194 
0 2 6 0 125 
7 0 2 2 130 
5 2 12 1 105 
10 2 6 1 175 
8 0 12 3 176 
11 2 5 0 156 
3 1 14 2 11 
3 0 13 1 119 
12 0 6 2 101 
11 0 5 2 150 
5 0 3 2 181 
8 1 2 3 88 
18 2 0 0 140 
1 2 10 3 135 
9 0 2 1 140 
14 1 9 1 196 
9 2 1 0 119 
10 1 5 3 107 
1 2 0 3 108 
6 2 11 1 162 
19 1 0 0 107 
6 1 1 1 130 
9 0 0 1 193 
6 1 12 1 149 
11 1 6 2 167 
12 1 11 1 192 
6 0 0 2 110 
0 0 12 3 154 
16 0 7 3 180 
1 0 2 3 156 
15 0 8 1 133 
1 0 7 1 142 
1 2 8 0 121 
9 2 9 1 137 
15 2 12 2 124 
9 0 12 2 166 
3 0 8 3 166 
8 1 2 1 156 
0 1 2 3 170 
8 1 8 2 166 
2 1 1 1 198 
5 0 14 1 103 
7 0 4 2 198 
15 0 6 1 165 
8 1 3 1 174 
16 1 14 2 172 
6 0 2 3 147 
4 1 6 3 194 
16 2 5 1 121 
7 2 5 3 184 
8 2 13 3 196 
10 0 8 2 130 
10 0 4 1 173 
19 2 2 3 123 
8 1 9 3 115 
19 1 7 0 10 
13 1 0 2 114 
4 1 4 2 154 
2 2 7 3 197 
6 1 3 3 153 
18 0 2 2 180 
1 2 10 1 192 
7 0 8 1 196 
18 1 2 2 176 
3 2 11 3 163 
5 0 4 1 176 
1 2 5 1 136 
7 1 4 1 175 
7 1 9 3 129 
9 0 0 0 109 
18 2 0 3 188 
8 2 14 0 148 
0 1 3 2 177 
4 2 0 0 159 
16 1 4 1 187 
0 2 7 3 189 
9 1 10 2 172 
8 1 0 3 196 
7 1 2 0 128 
17 1 6 1 138 
4 0 13 3 150 
8 1 5 0 174 
7 2 13 3 157 
1 2 9 2 158 
6 1 3 0 171 
13 0 3 2 101 
11 0 3 0 157 
12 1 11 2 23 
9 1 11 2 183 
4 1 5 3 131 
11 1 11 3 152 
0 1 6 0 172 
3 1 10 2 124 
0 1 8 1 144 
16 1 9 2 186 
11 2 0 0 188 
18 0 5 1 101 
6 2 2 0 122 
11 0 14 0 112 
9 2 13 0 162 
10 0 2 3 187 
0 1 13 0 190 
14 0 13 2 114 
2 1 11 1 188 
9 0 5 1 111 
8 2 2 2 194 
12 1 10 3 104 
3 2 2 2 181 
18 0 6 1 110 
3 2 7 0 185 
11 2 2 0 117 
5 1 2 0 147 
19 2 13 1 126 
2 1 11 3 193 
3 0 5 2 198 
16 2 11 0 185 
11 2 5 2 164 
12 0 3 2 122 
0 1 0 3 114 
14 1 5 2 168 
10 0 7 2 190 
19 1 5 0 176 
18 0 2 1 162 
3 0 6 0 141 
2 2 10 1 137 
4 0 6 1 124 
3 0 2 2 194 
12 0 13 1 135 
16 2 12 3 118 
17 0 6 3 140 
15 1 13 2 173 
8 0 3 1 134 
19 2 5 1 153 
7 2 7 3 123 
5 0 5 3 145 
0 0 8 3 152 
13 1 1 2 142 
6 1 9 1 114 
10 2 9 3 177 
13 0 4 0 104 
11 0 13 2 197 
17 0 8 1 159 
2 2 5 1 140 
5 0 9 0 168 
16 2 12 0 169 
11 1 13 3 199 
4 0 12 3 105 
2 0 9 0 200 
0 2 0 3 102 
10 2 10 2 122 
12 2 10 2 141 
15 1 6 0 171 
15 0 5 2 174 
1 0 3 0 157 
17 1 14 1 195 
7 1 7 3 107 
6 0 6 1 135 
17 2 2 3 174 
15 2 1 2 158 
13 1 14 0 139 
15 0 5 3 188 
19 1 1 3 198 
17 2 14 1 190 
12 0 6 1 175 
2 1 9 2 137 
7 0 11 2 115 
6 1 5 1 127 
10 1 10 0 186 
2 1 6 3 187 
4 2 5 0 101 
12 1 14 0 125 
1 0 1 3 111 
8 1 7 2 135 
7 1 8 3 177 
2 0 13 3 178 
6 0 11 1 101 
6 1 11 2 152 
16 2 3 2 108 
17 0 4 1 137 
13 0 13 2 189 
3 2 6 1 113 
4 2 6 3 162 
0 0 14 0 131 
4 0 14 1 119 
1 1 14 2 108 
12 0 14 3 160 
0 2 12 2 168 
10 2 8 0 114 
3 1 13 1 131 
10 0 4 2 150 
10 1 12 3 195 
11 1 14 1 152 
0 2 1 2 110 
16 1 1 2 156 
19 2 11 3 182 
12 1 13 2 156 
5 0 10 1 165 
16 2 6 2 108 
15 0 11 3 119 
2 1 13 0 199 
2 1 2 0 149 
11 2 11 1 132 
15 1 13 3 109 
16 2 12 1 180 
18 1 1 0 123 
3 0 3 0 187 
12 2 9 2 173 
19 1 9 0 157 
11 0 1 3 103 
19 1 7 3 186 
9 1 12 0 167 
18 0 14 0 113 
9 1 9 3 128 
4 2 11 0 130 
18 0 13 1 167 
0 0 1 0 193 
14 1 10 3 126 
2 0 7 1 151 
15 0 1 1 188 
16 0 4 3 122 
5 0 5 1 172 
15 2 13 0 118 
7 0 5 1 185 
8 0 9 0 144 
2 1 14 0 127 
14 2 9 3 153 
4 0 10 3 200 
4 1 13 1 150 
7 2 4 0 139 
8 2 10 1 143 
18 1 5 2 115 
17 1 8 3 145 
0 2 11 0 141 
16 2 3 1 150 
2 2 9 1 187 
11 2 3 1 169 
16 1 4 2 126 
8 2 3 3 178 
8 1 0 2 185 
15 2 1 0 193 
12 2 12 3 132 
14 0 14 2 187 
9 1 2 2 140 
4 1 5 1 179 
1 0 2 0 195 
12 1 3 1 175 
6 0 4 1 112 
14 0 1 2 193 
11 1 2 0 175 
11 1 12 1 135 
2 0 9 3 37 
14 1 14 1 101 
18 2 8 0 171 
12 2 2 3 147 
11 2 14 3 139 
9 2 2 3 165 
17 1 14 3 122 
3 2 11 2 128 
16 1 0 1 155 
11 0 9 2 177 
1 2 7 0 120 
1 2 8 1 125 
7 1 3 2 142 
8 1 8 1 176 
19 1 8 2 190 
6 2 12 2 64 
16 2 1 2 176 
14 2 3 1 172 
10 1 1 2 101 
5 0 12 2 170 
10 0 1 1 108 
13 2 8 2 198 
2 1 4 1 169 
11 2 11 3 171 
0 2 0 1 157 
10 2 9 0 126 
14 2 7 3 182 
8 0 13 3 113 
4 2 6 0 189 
6 1 2 3 146 
1 2 13 1 130 
15 1 0 1 121 
8 0 6 3 116 
3 2 14 0 174 
2 2 0 3 116 
8 2 4 3 118 
8 1 2 0 195 
16 2 14 2 118 
19 0 11 1 159 
1 2 2 2 122 
19 2 7 1 164 
14 0 9 1 165 
17 0 14 3 126 
10 1 13 3 164 
18 0 6 0 110 
10 2 14 0 101 
14 0 9 0 169 
10 2 5 3 134 
19 2 2 0 192 
0 0 2 1 141 
19 1 5 2 198 
11 1 11 1 197 
12 2 11 1 164 
11 0 8 1 142 
10 2 4 1 115 
8 2 1 0 166 
13 0 5 0 140 
5 2 13 0 194 
15 1 0 2 177 
5 1 7 2 19 
19 0 11 3 181 
16 2 8 1 178 
6 1 6 3 135 
0 0 13 1 129 
3 2 8 1 140 
4 0 13 2 157 
11 1 1 1 115 
14 0 2 3 200 
15 0 11 1 112 
2 2 8 1 108 
3 1 4 2 162 
7 0 0 3 157 
5 0 7 3 125 
18 2 11 0 183 
17 0 1 0 110 
17 0 7 1 162 
4 0 5 0 129 
12 1 6 2 190 
11 2 3 3 171 
14 2 7 1 190 
18 2 10 3 131 
13 1 5 0 72 
1 1 13 2 104 
15 0 6 2 126 
13 2 9 0 195 
4 0 6 3 129 
5 2 11 0 170 
19 1 11 1 104 
10 0 5 2 110 
10 2 6 0 145 
16 0 1 0 159 
13 0 10 0 118 
6 0 7 1 111 
11 0 11 1 114 
7 2 10 0 82 
5 1 0 2 199 
2 1 8 3 159 
1 2 5 0 181 
18 1 4 1 74 
10 1 4 3 178 
19 2 3 0 108 
15 1 4 0 158 
8 0 8 2 190 
3 1 2 1 106 
2 1 3 1 113 
8 1 11 1 121 
11 2 12 2 147 
17 2 3 1 137 
2 1 3 2 132 
18 1 12 2 125 
11 0 5 1 128 
18 0 12 2 180 
11 2 11 0 136 
19 2 14 1 136 
8 2 3 2 107 
1 1 9 3 155 
12 2 13 1 101 
5 0 2 1 157 
19 1 10 1 137 
17 2 7 3 140 
18 1 8 3 152 
3 1 6 1 146 
5 2 7 3 167 
17 1 13 0 23 
6 2 9 3 113 
17 1 7 1 172 
1 1 14 0 105 
7 1 12 1 106 
13 0 10 1 160 
12 1 7 2 184 
1 2 9 3 193 
14 1 8 2 161 
17 0 10 2 167 
5 1 12 3 119 
1 0 10 1 109 
19 1 9 1 200 
19 1 14 0 114 
9 1 0 2 191 
1 1 2 3 168 
5 1 11 2 196 
11 0 9 0 113 
10 2 3 1 123 
0 0 10 2 169 
12 2 2 0 147 
13 1 2 0 161 
3 0 13 0 135 
1 0 4 1 149 
6 0 1 2 158 
6 0 8 3 156 
6 1 2 0 127 
5 1 11 1 146 
9 1 9 2 165 
10 2 7 0 101 
19 2 7 3 183 
2 2 3 0 142 
12 2 3 3 179 
11 1 4 3 108 
11 0 11 2 176 
0 1 8 0 146 
14 2 13 1 141 
12 1 8 2 138 
12 0 1 1 146 
13 1 12 0 109 
18 2 0 1 107 
1 2 13 2 116 
11 2 9 3 197 
16 0 7 1 144 
15 2 3 0 153 
19 0 2 2 157 
10 2 10 1 195 
8 1 7 1 133 
6 2 4 0 103 
12 0 8 2 178 
2 1 4 2 135 
12 0 4 3 105 
15 2 0 3 107 
1 0 1 2 137 
15 1 5 0 122 
11 0 5 3 135 
4 0 0 0 144 
16 2 3 0 151 
15 2 10 3 155 
11 1 12 0 117 
12 2 1 0 118 
10 2 2 0 134 
11 0 12 2 147 
17 0 5 0 168 
15 0 1 3 196 
19 0 10 2 150 
18 0 3 2 152 
16 0 5 2 134 
3 0 0 1 198 
4 2 4 1 134 
2 2 8 0 113 
2 2 8 2 160 
11 1 7 0 163 
12 0 9 3 124 
13 2 14 0 104 
6 0 2 0 194 
19 1 6 0 125 
11 0 10 2 165 
3 2 12 3 188 
5 2 8 0 170 
4 1 8 2 172 
2 0 2 3 143 
8 1 1 3 165 
8 2 8 2 148 
16 1 7 2 122 
0 1 2 0 154 
4 1 9 1 166 
10 1 8 2 167 
5 2 12 2 133 
14 2 12 3 174 
19 1 4 3 148 
17 0 3 2 118 
1 1 1 1 126 
5 1 8 0 115 
12 0 2 1 189 
14 2 14 0 122 
14 0 0 3 117 
0 2 14 3 109 
8 2 10 0 160 
17 2 4 3 184 
1 0 13 3 163 
4 0 9 2 190 
18 1 0 3 175 
13 2 9 3 178 
3 2 13 2 127 
11 0 3 2 176 
11 1 6 1 130 
8 0 11 1 165 
17 0 4 3 123 
3 2 5 3 170 
3 1 2 3 136 
6 1 6 1 136 
15 2 10 0 144 
18 0 3 3 145 
11 0 8 3 174 
6 2 7 3 173 
15 1 7 3 170 
5 1 6 0 115 
0 1 7 3 101 
19 1 8 3 156 
7 1 2 1 132 
10 0 1 2 147 
19 0 4 3 160 
10 0 5 3 200 
4 0 5 2 191 
0 0 8 0 112 
7 1 14 1 121 
1 0 5 2 184 
1 2 14 0 187 
18 1 11 3 151 
16 0 9 2 108 
17 0 12 2 118 
17 1 10 3 132 
9 1 1 2 139 
5 1 13 0 160 
18 0 10 1 113 
18 1 3 3 169 
4 2 2 0 162 
1 0 4 0 147 
17 2 13 2 156 
11 1 10 1 104 
10 0 1 3 124 
17 0 9 2 168 
10 1 11 2 142 
16 2 10 2 107 
10 1 5 1 159 
6 2 3 2 164 
0 0 6 3 125 
19 2 12 0 128 
9 1 0 0 183 
13 1 3 1 141 
1 2 6 3 157 
13 0 3 3 130 
14 0 8 2 192 
14 2 8 0 176 
19 1 2 3 171 
11 2 6 1 162 
11 1 8 2 170 
13 0 13 1 111 
7 1 13 1 123 
17 0 8 2 169 
2 1 7 2 133 
0 0 7 2 191 
13 2 13 1 128 
2 2 9 0 186 
9 1 7 2 120 
2 2 0 2 130 
1 1 5 0 143 
18 1 9 1 116 
15 1 12 1 187 
18 0 0 1 151 
16 1 14 0 145 
6 0 13 2 117 
12 0 1 0 171 
18 1 11 2 187 
12 2 3 2 165 
3 0 12 1 157 
6 2 1 3 169 
14 0 11 3 175 
13 1 6 1 156 
5 2 2 1 117 
19 0 12 3 124 
13 0 8 3 111 
5 1 8 3 184 
15 2 4 0 156 
16 0 1 3 133 
2 0 6 2 157 
6 2 5 3 184 
12 0 6 3 176 
0 0 0 1 104 
9 0 6 1 200 
3 2 4 1 183 
13 1 11 0 152 
12 0 4 1 161 
9 2 1 1 103 
6 2 5 0 143 
0 0 3 2 117 
11 0 4 0 168 
1 0 3 3 191 
12 2 8 2 180 
5 2 12 3 140 
15 0 7 1 104 
4 0 12 2 122 
4 1 1 3 151 
6 2 6 0 131 
9 2 4 3 153 
7 2 0 1 115 
13 2 0 2 144 
10 1 1 3 153 
0 1 14 0 118 
18 1 5 1 150 
12 2 4 0 124 
6 1 10 1 148 
12 1 4 1 139 
13 2 5 3 41 
19 1 4 0 118 
9 1 14 0 149 
18 0 4 1 173 
8 2 0 2 138 
0 2 1 3 110 
12 0 3 3 149 
0 1 10 2 171 
18 0 10 3 171 
10 2 2 3 103 
1 0 3 2 175 
17 1 6 3 196 
6 2 6 3 150 
0 1 4 0 132 
17 2 5 3 158 
13 1 1 0 175 
7 0 11 1 112 
16 0 3 2 135 
6 1 6 0 110 
3 0 8 2 190 
8 1 6 3 183 
8 2 4 2 103 
4 2 12 1 139 
14 0 4 3 111 
13 1 7 3 182 
0 2 8 0 156 
6 0 14 0 157 
17 0 11 0 129 
5 2 4 1 180 
4 1 5 2 169 
8 0 13 1 139 
0 2 7 1 157 
7 2 8 0 189 
15 0 9 2 106 
12 1 11 0 143 
4 1 3 3 139 
12 0 11 1 157 
5 1 14 2 141 
4 1 8 3 120 
3 2 3 3 113 
11 2 7 1 172 
2 2 9 2 148 
11 1 5 0 172 
16 2 5 2 108 
4 2 10 0 132 
4 1 6 1 192 
15 1 6 2 123 
3 1 8 2 133 
14 0 7 1 187 
12 1 1 1 198 
15 2 6 3 179 
16 2 1 3 139 
7 1 12 0 103 
13 0 14 0 119 
14 1 9 0 189 
5 2 5 3 105 
4 1 9 2 193 
1 0 4 2 103 
11 2 9 2 198 
4 0 10 2 161 
19 0 3 3 115 
8 1 2 2 123 
19 0 13 1 150 
1 0 2 1 163 
9 1 6 1 149 
15 0 10 0 144 
8 0 14 3 109 
12 2 13 2 181 
7 1 2 2 146 
19 0 9 1 106 
0 2 11 3 195 
2 2 3 2 131 
8 2 8 1 200 
7 2 9 2 177 
1 1 3 2 193 
4 2 4 3 101 
9 2 7 2 160 
16 1 12 2 161 
17 2 13 0 153 
19 2 0 1 175 
16 0 13 1 185 
11 1 3 1 175 
4 0 7 2 104 
5 0 6 0 169 
15 0 4 1 104 
19 0 8 1 167 
19 1 11 0 199 
5 2 4 0 127 
11 0 7 0 172 
5 0 10 0 152 
14 0 1 0 139 
13 1 8 2 101 
13 1 13 1 193 
4 2 11 1 170 
6 0 13 1 93 
12 2 7 0 125 
8 1 14 3 154 
3 2 10 0 174 
6 0 9 2 182 
7 2 14 1 157 
7 0 10 1 145 
3 1 14 3 143 
3 1 0 2 120 
4 0 14 2 126 
10 1 4 2 189 
12 0 9 0 104 
13 2 8 3 182 
19 2 14 3 137 
5 0 2 2 115 
11 0 13 0 159 
15 0 9 0 150 
15 1 11 2 172 
18 1 10 3 179 
16 2 9 1 100 
13 1 7 1 153 
4 2 4 0 135 
13 0 12 3 113 
8 2 1 3 152 
2 2 11 0 153 
2 2 13 1 174 
0 0 5 0 112 
13 2 3 1 125 
15 0 0 2 4 
4 0 1 1 125 
16 2 5 0 126 
7 2 5 1 156 
5 0 2 3 184 
1 1 1 0 141 
1 1 12 3 184 
13 0 4 3 63 
9 0 0 2 171 
10 2 14 1 138 
11 1 7 3 138 
1 1 9 1 107 
13 1 4 0 178 
16 2 1 1 131 
10 0 0 1 140 
15 2 11 0 192 
13 1 11 1 174 
19 0 14 1 156 
12 1 5 0 104 
15 1 8 3 192 
19 0 2 1 127 
6 1 2 2 129 
8 1 8 3 114 
4 0 3 2 182 
15 2 14 1 104 
16 2 6 0 181 
13 2 5 1 118 
11 1 3 2 118 
15 0 12 2 130 
1 1 7 1 146 
17 0 3 0 122 
11 2 14 2 156 
1 2 5 3 128 
14 1 2 1 164 
6 1 3 1 182 
5 0 3 3 158 
0 0 6 2 147 
9 2 6 0 177 
0 2 6 1 161 
7 2 9 1 177 
12 0 10 0 138 
12 0 8 3 120 
9 0 8 1 163 
2 0 10 1 154 
19 0 1 1 108 
8 2 7 3 135 
9 0 1 0 171 
13 2 0 1 129 
4 1 13 2 115 
1 2 10 0 122 
5 2 5 1 190 
0 1 9 2 113 
8 0 5 2 136 
2 1 9 3 144 
9 1 7 1 141 
16 1 11 2 171 
19 0 0 1 178 
4 2 3 3 169 
1 2 1 3 178 
10 0 2 1 136 
15 0 11 2 194 
12 2 1 1 121 
7 0 9 0 144 
4 1 7 2 117 
7 2 8 2 163 
1 1 0 2 181 
7 1 9 2 197 
9 0 9 2 132 
13 2 7 0 108 
4 2 12 2 122 
19 1 9 2 138 
5 1 10 0 163 
4 2 13 3 23 
0 2 13 2 12 
3 2 7 1 188 
7 0 13 2 134 
4 2 1 2 110 
5 1 14 1 134 
13 2 5 0 165 
3 0 7 2 118 
15 1 4 1 180 
13 1 3 2 156 
18 2 14 3 158 
1 0 5 0 175 
8 1 10 2 198 
17 1 0 2 188 
0 1 13 3 189 
18 1 12 1 197 
4 2 5 2 182 
15 0 10 2 179 
15 0 6 3 175 
9 0 9 1 130 
13 1 7 2 169 
1 1 5 2 154 
17 1 1 1 127 
12 1 6 1 156 
18 2 12 0 190 
2 0 3 1 139 
7 0 5 3 131 
16 0 14 3 176 
7 0 10 0 124 
5 1 1 2 110 
12 0 0 1 118 
6 1 1 3 180 
10 1 13 1 159 
4 1 7 3 173 
1 2 11 2 145 
10 2 11 1 128 
4 1 9 0 132 
6 0 8 1 140 
19 2 0 2 148 
10 0 1 0 142 
5 0 10 3 161 
12 0 12 3 53 
7 2 2 2 156 
5 1 0 0 169 
4 0 0 1 186 
0 1 4 2 155 
18 0 6 2 138 
18 1 11 0 140 
5 1 5 1 105 
4 2 8 3 170 
18 2 7 1 198 
6 0 0 1 145 
17 2 10 2 120 
14 1 4 0 144 
11 1 8 3 197 
14 0 10 3 107 
8 2 2 1 122 
17 1 13 2 188 
13 0 12 2 116 
18 0 4 3 160 
5 1 0 3 160 
9 2 3 0 188 
8 1 6 2 112 
6 2 4 3 139 
12 1 5 1 197 
17 0 13 1 197 
12 2 10 0 175 
17 1 9 3 104 
2 1 5 2 119 
2 1 3 3 165 
10 1 14 0 119 
16 0 12 1 200 
5 1 2 1 128 
19 0 10 0 110 
4 0 5 3 199 
13 1 3 3 174 
14 1 11 2 194 
17 1 9 2 115 
13 2 2 0 171 
3 0 2 3 114 
2 2 4 1 186 
2 0 4 3 183 
12 0 12 0 136 
16 2 8 3 172 
18 2 2 2 142 
18 0 5 3 133 
0 1 3 1 183 
5 0 14 3 168 
9 2 7 3 165 
7 2 6 3 110 
12 2 13 3 160 
1 0 11 3 53 
19 1 1 0 133 
3 0 11 0 180 
1 0 12 0 140 
17 1 6 0 118 
12 0 9 1 192 
10 0 0 0 151 
16 1 14 3 105 
15 0 13 3 132 
1 2 14 3 142 
10 0 2 2 129 
17 0 7 3 9 
8 0 8 3 167 
8 2 7 0 183 
13 2 0 0 177 
16 2 4 3 177 
9 1 3 1 134 
15 0 14 0 138 
0 0 6 1 114 
10 2 14 3 176 
15 1 5 3 175 
17 0 9 1 121 
8 0 9 3 182 
12 0 14 2 143 
14 1 14 3 109 
1 1 3 1 163 
2 1 2 2 119 
15 0 14 3 191 
9 0 2 0 193 
7 0 2 3 188 
14 1 3 3 167 
13 1 5 2 118 
16 2 14 3 188 
14 0 14 0 191 
16 1 5 1 112 
8 0 11 3 102 
13 2 3 3 126 
10 2 3 2 120 
8 1 5 3 180 
8 0 6 0 180 
10 2 6 3 200 
3 0 7 3 102 
2 1 5 1 167 
18 2 4 1 127 
2 2 14 2 192 
14 1 2 3 139 
15 0 2 0 189 
9 1 11 1 144 
17 2 4 2 199 
1 2 3 0 198 
15 0 4 2 160 
7 0 5 2 150 
12 0 14 0 181 
9 0 5 0 195 
14 1 1 0 106 
13 0 0 0 183 
3 1 2 2 196 
15 2 6 0 182 
9 2 2 2 105 
3 2 6 2 132 
13 1 11 3 134 
0 2 1 1 152 
16 2 7 0 148 
1 2 7 3 168 
7 0 2 1 171 
10 1 5 0 189 
12 1 14 1 156 
18 2 11 2 194 
5 1 2 3 160 
1 0 0 2 113 
5 0 11 2 191 
12 0 12 1 196 
3 0 3 3 187 
13 0 3 0 112 
3 1 5 2 151 
3 1 11 0 163 
6 2 6 1 120 
17 2 10 3 121 
6 1 4 2 191 
11 0 12 0 175 
0 0 0 2 122 
17 0 10 3 106 
10 0 4 3 146 
13 1 9 2 199 
14 0 7 0 125 
12 1 10 0 133 
16 2 12 2 144 
13 1 10 0 156 
10 2 7 2 169 
1 0 5 3 102 
13 0 13 3 124 
10 0 9 1 197 
12 2 6 3 125 
14 1 9 2 148 
10 1 3 3 119 
19 0 1 3 167 
5 2 13 2 142 
5 0 13 0 141 
2 0 9 2 102 
4 2 7 1 107 
2 0 3 2 200 
15 2 14 3 152 
6 2 13 0 107 
9 2 0 0 163 
18 2 8 3 104 
10 1 1 0 158 
7 2 13 2 110 
5 2 2 2 145 
1 0 12 2 144 
9 0 3 1 190 
13 2 1 3 116 
0 1 5 2 186 
16 0 4 2 103 
8 2 5 1 161 
11 1 0 2 187 
14 1 2 0 172 
13 2 11 3 109 
14 0 9 3 147 
14 0 9 2 194 
18 0 4 2 170 
6 0 4 2 130 
2 1 0 0 164 
13 1 2 3 117 
1 2 4 1 170 
6 0 5 1 107 
16 1 3 2 120 
9 1 10 1 129 
17 0 0 0 194 
15 1 1 3 165 
10 0 7 0 144 
17 1 7 3 107 
11 1 11 2 119 
2 1 10 3 131 
12 2 12 2 101 
17 2 12 2 155 
14 1 3 0 173 
2 2 2 2 122 
9 0 13 2 104 
7 2 3 3 193 
18 0 11 0 165 
9 1 14 2 109 
10 2 5 2 116 
14 1 13 3 120 
18 0 1 1 200 
13 1 2 1 142 
17 2 7 2 138 
19 1 2 0 173 
7 2 8 3 168 
1 1 13 1 190 
0 0 3 3 112 
14 2 1 1 135 
10 0 5 0 130 
14 2 2 3 152 
11 1 4 1 184 
6 2 1 2 131 
7 2 6 1 184 
12 2 5 0 199 
3 1 5 1 110 
4 1 7 0 159 
1 1 3 0 139 
1 0 0 0 148 
18 0 14 2 185 
13 1 4 2 164 
16 2 4 1 169 
11 0 3 1 129 
1 1 12 0 128 
10 1 6 3 189 
15 0 12 1 120 
11 1 0 0 177 
12 2 4 2 181 
16 0 4 1 180 
1 0 0 1 171 
15 2 6 1 200 
1 0 10 0 174 
15 1 12 3 101 
8 2 12 2 133 
16 1 0 3 173 
5 1 10 2 168 
6 0 5 3 173 
6 0 1 0 140 
6 1 8 1 133 
14 2 5 3 196 
2 0 5 2 142 
11 1 2 1 180 
14 0 5 3 119 
13 0 9 2 191 
12 0 11 2 165 
7 1 3 3 193 
3 2 9 3 197 
8 2 14 1 134 
7 2 0 0 148 
6 2 7 1 120 
11 0 14 1 198 
3 1 11 1 118 
17 0 8 0 138 
7 1 11 1 127 
2 1 10 2 110 
19 0 8 3 171 
4 0 9 3 181 
14 0 2 1 1 
7 0 12 0 173 
17 2 11 1 147 
6 1 11 3 138 
2 2 3 1 141 
4 2 13 2 110 
17 0 1 1 118 
14 0 8 0 163 
7 0 6 0 125 
10 0 8 0 109 
2 0 14 1 196 
13 1 10 1 123 
4 2 0 1 194 
0 2 0 0 132 
13 0 14 2 165 
17 1 4 2 112 
0 0 5 1 112 
10 0 11 1 179 
9 2 9 0 193 
0 0 7 0 122 
2 2 4 0 172 
8 2 12 1 126 
19 2 3 1 149 
3 2 12 0 107 
6 1 7 0 183 
9 0 13 1 161 
16 1 11 1 124 
18 1 9 2 105 
19 0 0 3 121 
14 0 3 3 184 
19 2 9 0 164 
8 2 0 3 130 
14 0 11 0 152 
18 0 1 2 184 
7 0 14 1 191 
17 2 8 3 129 
18 2 7 0 134 
1 0 2 2 122 
9 0 14 2 170 
12 0 11 0 105 
1 1 8 1 163 
13 0 11 0 197 
6 1 9 3 176 
16 2 0 2 149 
3 0 14 1 146 
14 2 14 2 165 
13 1 12 3 137 
6 1 13 1 146 
18 2 6 2 148 
11 2 2 3 105 
12 2 9 1 141 
18 2 3 1 187 
11 2 9 1 175 
6 0 10 0 162 
18 2 9 3 196 
1 0 7 0 144 
11 0 11 3 143 
14 0 11 2 102 
17 0 2 0 178 
14 1 8 3 115 
15 1 12 2 148 
15 2 9 1 158 
17 2 1 0 186 
12 1 3 3 163 
2 1 5 3 168 
8 0 3 2 81 
10 1 0 0 126 
4 0 12 0 136 
10 0 13 3 184 
17 1 8 1 160 
0 2 6 2 113 
9 2 10 1 133 
9 1 6 3 177 
15 2 8 0 138 
16 1 7 0 158 
0 1 0 2 165 
7 1 6 2 179 
0 2 4 3 186 
17 0 1 3 160 
0 2 11 1 150 
8 1 14 0 172 
7 0 0 2 101 
14 2 4 3 196 
16 2 3 3 143 
18 2 9 0 183 
14 0 1 1 131 
12 0 7 0 158 
10 0 4 0 145 
16 1 12 0 130 
18 0 7 2 158 
5 0 4 3 104 
15 0 8 2 151 
5 0 8 2 134 
14 1 7 0 188 
12 2 10 3 194 
10 2 11 0 106 
18 0 5 2 137 
19 0 13 3 188 
10 0 7 1 105 
10 0 6 1 109 
13 2 10 2 131 
2 2 0 1 166 
11 0 7 1 199 
14 1 14 0 141 
3 0 1 3 122 
8 0 8 1 156 
10 1 8 0 195 
14 0 3 1 180 
7 2 14 2 182 
4 2 1 1 156 
8 2 0 1 162 
3 0 10 2 159 
7 2 2 0 174 
16 2 14 0 181 
17 1 4 3 177 
2 0 7 0 105 
19 1 12 3 192 
12 0 5 3 196 
8 1 6 0 146 
6 0 6 3 122 
16 1 14 1 180 
19 2 5 2 116 
7 2 6 2 182 
9 2 10 0 104 
3 2 5 2 162 
16 0 14 0 168 
1 0 13 0 158 
16 0 8 3 194 
15 1 2 1 185 
1 0 6 3 116 
19 2 10 1 174 
11 2 4 0 199 
9 2 10 3 111 
1 1 2 1 174 
8 1 13 0 103 
8 2 9 0 189 
13 0 2 3 156 
6 0 7 0 133 
17 2 2 0 140 
17 0 11 2 183 
11 0 14 2 180 
8 0 9 2 151 
0 2 7 0 155 
0 0 9 0 123 
16 2 9 2 147 
5 0 12 3 158 
11 0 6 2 128 
12 0 9 2 121 
19 2 7 2 132 
3 1 7 0 118 
5 2 3 3 117 
9 0 9 0 142 
2 0 10 0 153 
17 1 7 0 158 
12 2 7 1 184 
16 1 0 0 178 
10 1 4 1 160 
6 0 11 2 103 
7 0 12 1 129 
3 2 2 0 102 
11 2 5 3 117 
2 0 8 2 116 
8 0 13 2 117 
3 1 9 2 166 
5 2 7 2 122 
15 2 8 1 121 
0 0 3 0 56 
7 2 3 2 124 
17 1 3 1 135 
17 0 14 2 198 
17 1 7 2 118 
11 1 11 0 179 
1 2 0 0 105 
14 2 2 0 146 
5 0 12 1 101 
3 0 1 2 2 
18 1 6 3 124 
3 0 10 0 154 
0 2 13 3 107 
8 0 10 0 194 
12 2 5 2 138 
9 1 1 1 167 
18 2 14 2 104 
0 1 9 3 137 
18 1 13 3 178 
10 1 7 2 175 
17 0 5 3 197 
0 0 7 1 164 
6 2 14 0 108 
14 0 12 2 107 
7 2 1 1 187 
7 1 11 0 116 
19 0 6 3 137 
14 2 4 2 177 
8 1 4 3 188 
10 0 6 2 193 
12 1 0 2 140 
4 0 8 2 197 
10 0 13 2 168 
8 0 13 0 145 
10 1 9 2 197 
3 1 2 0 157 
18 2 1 2 123 
5 0 13 1 108 
0 2 10 1 128 
12 1 1 2 144 
14 2 6 3 154 
9 1 5 1 183 
17 1 13 1 197 
16 0 2 2 180 
17 2 7 0 130 
5 2 13 3 200 
16 1 8 2 111 
5 2 2 3 199 
10 0 12 2 174 
12 2 14 0 123 
13 0 11 1 165 
3 0 5 3 169 
6 2 14 2 105 
0 2 4 0 138 
19 0 9 2 139 
2 1 12 0 119 
3 0 9 0 149 
8 2 9 1 101 
4 0 4 0 184 
19 0 11 0 116 
3 0 6 3 107 
16 2 11 1 112 
1 1 7 0 189 
14 2 1 3 192 
9 2 6 3 168 
11 1 9 2 196 
12 1 1 0 179 
1 1 13 0 174 
1 0 9 3 139 
8 1 12 0 186 
15 0 4 3 144 
18 2 3 3 143 
10 2 11 2 138 
18 1 10 2 169 
5 0 8 3 144 
9 2 4 2 181 
9 0 10 0 103 
18 0 14 3 190 
17 2 9 0 176 
8 2 12 3 114 
17 1 3 3 157 
6 0 0 0 127 
14 1 13 0 179 
14 1 1 2 160 
7 2 12 1 185 
1 0 14 0 145 
11 2 12 1 190 
4 1 13 3 183 
17 1 0 3 123 
0 2 5 0 112 
5 0 13 2 103 
2 1 10 1 122 
18 1 14 3 118 
12 0 6 0 140 
17 1 3 2 192 
5 1 7 1 162 
19 0 14 3 57 
16 0 5 1 117 
9 2 5 1 160 
9 1 13 3 131 
5 1 5 3 129 
10 0 9 3 187 
10 2 7 3 184 
18 1 9 3 161 
14 1 3 2 123 
19 2 12 1 182 
0 1 3 0 149 
13 1 8 3 124 
9 0 7 1 191 
7 0 1 2 176 
4 0 4 3 194 
14 1 8 1 113 
18 1 6 2 158 
19 2 2 2 171 
16 0 0 0 200 
0 0 1 3 136 
18 1 3 1 130 
0 0 13 3 177 
0 0 8 2 178 
15 2 10 2 152 
16 2 14 1 139 
10 1 6 2 175 
0 0 12 1 192 
3 2 11 1 134 
3 1 3 1 159 
8 0 11 0 169 
7 1 6 3 134 
8 2 13 1 176 
10 2 0 3 196 
1 1 10 3 162 
17 2 6 1 126 
18 2 5 2 180 
17 1 0 0 129 
0 0 14 3 115 
16 0 7 2 153 
14 2 13 2 192 
9 1 2 0 198 
5 0 2 0 120 
6 0 12 3 101 
8 2 8 3 120 
8 1 3 2 123 
13 2 13 2 108 
19 1 2 2 121 
19 2 10 3 195 
1 1 7 3 199 
15 2 10 1 165 
5 0 1 0 170 
17 0 12 0 105 
4 2 12 3 169 
9 2 12 1 127 
8 0 4 0 165 
2 1 2 1 116 
17 1 11 1 198 
18 2 11 1 149 
11 0 13 3 108 
2 2 14 3 134 
18 0 9 0 198 
3 0 6 1 127 
17 0 13 2 126 
0 0 11 1 125 
8 2 4 1 200 
5 1 1 3 165 
18 2 10 1 195 
5 1 0 1 150 
10 2 0 1 154 
8 2 1 1 162 
9 0 0 3 175 
2 0 0 2 193 
9 2 9 2 184 
16 1 8 1 175 
13 2 1 1 109 
11 2 1 0 116 
3 0 0 2 105 
14 0 12 0 132 
2 0 6 1 159 
6 2 14 3 134 
16 0 3 1 200 
1 0 8 3 178 
13 2 0 3 131 
15 2 1 1 148 
13 2 7 3 179 
11 1 10 3 157 
18 1 8 2 199 
5 2 9 1 164 
9 0 6 0 142 
9 2 11 2 168 
0 1 6 1 100 
12 1 5 3 155 
2 1 0 1 195 
3 0 11 2 189 
13 0 6 3 192 
0 0 6 0 103 
2 2 10 2 197 
15 2 9 0 158 
3 0 0 0 123 
11 1 12 3 180 
8 2 3 1 185 
15 1 9 3 131 
5 2 10 1 119 
19 2 5 0 152 
14 0 6 0 188 
14 0 14 1 144 
2 1 12 1 103 
11 1 4 2 133 
14 2 1 0 166 
15 2 8 3 105 
1 2 12 3 119 
14 1 11 1 156 
13 1 6 2 152 
7 1 4 3 178 
7 2 5 2 103 
4 0 3 1 111 
17 1 2 0 160 
10 0 11 3 110 
12 0 1 3 155 
5 2 3 0 153 
2 0 11 0 132 
6 2 9 0 137 
3 1 14 0 148 
1 2 6 0 200 
9 1 8 1 193 
8 0 1 3 185 
2 1 14 1 198 
6 0 9 0 156 
8 2 10 3 137 
18 2 10 0 119 
14 2 7 0 171 
19 2 13 3 138 
7 1 1 1 150 
15 2 4 1 129 
18 0 9 3 169 
16 0 7 0 131 
16 0 6 3 29 
2 1 11 0 135 
19 1 13 0 164 
8 0 7 1 135 
16 0 9 0 140 
19 2 3 2 169 
11 0 8 2 51 
11 0 6 0 135 
12 1 10 1 157 
11 2 7 0 102 
6 2 14 1 156 
14 1 2 2 154 
12 1 4 0 102 
9 0 12 3 115 
6 2 0 2 191 
10 1 13 2 118 
10 1 14 3 135 
3 2 5 0 166 
7 1 0 2 183 
11 2 10 3 197 
15 1 7 2 158 
14 0 13 1 137 
3 2 8 2 114 
6 2 13 1 137 
12 0 13 0 102 
18 2 11 3 112 
3 1 10 3 106 
17 1 8 0 102 
16 0 13 3 160 
10 2 4 3 150 
19 2 14 0 159 
18 1 4 2 170 
19 0 10 1 160 
1 2 12 2 118 
7 0 0 1 127 
4 0 8 0 127 
5 2 3 2 181 
15 1 13 0 178 
5 1 9 2 191 
8 0 10 1 136 
10 1 0 2 136 
11 1 4 0 117 
2 1 8 1 160 
13 1 13 2 110 
6 1 10 2 46 
0 0 7 3 143 
9 0 11 3 119 
9 0 9 3 199 
15 0 3 3 127 
9 1 1 0 187 
0 1 14 1 134 
17 1 6 2 158 
15 1 2 2 116 
13 2 11 2 127 
17 1 1 2 138 
1 2 14 1 124 
6 2 8 3 108 
9 1 11 0 137 
16 1 2 3 168 
11 2 9 0 137 
8 2 14 2 181 
19 0 13 0 184 
15 0 7 3 169 
9 2 2 1 192 
17 1 2 1 118 
3 2 3 2 156 
3 2 6 3 190 
14 2 0 3 164 
18 2 13 0 156 
19 2 8 1 102 
12 2 1 3 136 
3 2 4 0 138 
1 2 2 3 157 
1 2 12 1 199 
17 2 8 0 119 
15 1 3 3 109 
4 2 3 1 111 
12 2 4 3 164 
13 0 13 0 115 
8 1 10 0 101 
5 2 4 3 115 
13 0 5 3 163 
13 2 12 2 146 
6 2 4 2 164 
2 1 9 1 135 
4 2 8 2 141 
14 1 4 1 114 
15 2 2 1 143 
15 2 2 0 115 
6 2 0 3 140 
4 2 8 0 199 
12 2 4 1 192 
4 2 1 3 112 
1 1 8 3 139 
2 2 12 2 172 
7 0 8 3 166 
11 0 10 3 163 
11 0 1 2 155 
6 2 4 1 129 
5 1 5 0 108 
17 0 3 1 113 
17 0 2 3 148 
13 0 7 1 171 
14 0 7 2 179 
18 0 8 2 147 
10 1 6 1 175 
4 2 7 3 105 
4 2 1 0 147 
5 0 12 0 133 
10 2 10 3 155 
10 0 3 3 166 
1 1 6 1 191 
13 2 14 2 130 
11 1 13 0 170 
13 0 7 0 101 
6 2 1 0 167 
0 2 6 3 178 
12 0 1 2 105 
9 2 3 2 121 
18 1 5 3 132 
2 0 4 1 151 
18 2 7 2 188 
18 2 10 2 108 
19 2 10 0 108 
2 1 7 3 136 
17 2 9 2 12 
14 2 11 1 199 
3 0 11 1 162 
0 0 1 2 164 
15 2 13 1 102 
13 1 11 2 116 
5 0 8 1 78 
14 1 0 3 144 
18 1 0 2 131 
4 0 6 2 144 
9 0 6 3 172 
16 2 13 3 176 
15 2 1 3 137 
2 0 13 0 168 
16 0 13 2 145 
17 0 10 0 165 
7 2 11 0 165 
1 0 14 3 135 
16 1 9 0 123 
10 0 11 0 57 
15 2 13 3 158 
12 2 5 3 165 
0 1 5 1 167 
13 2 4 3 139 
13 2 2 3 181 
3 0 2 0 112 
8 2 8 0 181 
9 0 8 2 104 
17 2 0 3 155 
12 2 11 3 131 
7 0 9 3 128 
15 2 5 2 105 
16 1 1 3 111 
16 1 5 3 182 
15 0 9 1 171 
7 1 1 2 129 
13 0 9 1 191 
4 0 8 1 117 
9 1 8 2 177 
1 1 12 1 121 
9 1 7 0 118 
12 1 2 3 156 
7 2 10 1 188 
17 1 8 2 168 
7 0 11 0 193 
1 0 3 1 194 
16 0 6 2 158 
2 0 2 0 179 
2 1 7 0 115 
4 0 13 0 104 
7 0 11 3 151 
18 2 1 0 200 
9 2 12 0 153 
3 1 9 0 167 
11 2 11 2 196 
8 1 7 0 108 
3 2 10 3 112 
5 1 8 2 183 
10 0 3 1 186 
5 0 0 0 163 
2 0 13 2 190 
14 1 5 0 142 
16 0 10 3 148 
8 1 9 0 144 
8 0 14 1 136 
16 2 13 0 180 
1 2 0 2 112 
17 0 10 1 133 
5 2 1 0 169 
18 1 1 3 133 
1 2 14 2 158 
2 2 1 2 109 
19 0 12 0 113 
9 0 13 3 157 
2 2 5 3 163 
6 0 5 0 126 
5 1 6 1 106 
7 2 1 2 111 
15 2 9 2 113 
10 2 12 2 180 
3 2 9 0 176 
0 0 10 3 158 
7 0 1 0 144 
18 0 1 3 148 
7 1 11 2 141 
2 2 9 3 139 
0 1 14 2 142 
19 0 9 0 114 
8 2 5 2 184 
2 0 1 2 147 
9 0 8 0 134 
1 0 8 2 114 
12 2 11 2 108 
9 1 5 3 170 
0 1 11 2 105 
14 2 0 0 195 
3 1 6 3 179 
15 1 4 3 173 
5 0 3 1 110 
5 1 4 2 180 
13 2 6 2 133 
17 1 5 2 171 
3 0 4 2 155 
6 1 0 3 160 
4 1 0 2 124 
17 0 4 0 189 
9 1 3 2 109 
6 2 9 2 126 
19 1 5 1 157 
8 1 11 0 108 
2 0 10 2 108 
14 0 8 3 180 
10 2 1 1 148 
2 0 11 3 193 
13 2 3 2 134 
12 1 3 2 168 
6 1 13 2 138 
3 0 9 1 178 
14 0 2 0 103 
12 2 9 3 107 
7 2 5 0 127 
17 2 12 3 114 
17 2 0 2 106 
1 1 3 3 191 
17 1 11 0 195 
13 2 11 1 177 
2 1 6 2 171 
7 1 13 3 158 
14 0 8 1 178 
14 2 0 1 104 
8 1 0 0 191 
19 1 10 0 166 
12 0 8 0 116 
7 2 3 1 137 
12 2 0 2 132 
13 2 3 0 148 
7 1 0 1 146 
12 1 6 3 170 
2 0 4 0 184 
19 0 7 3 113 
18 1 13 0 124 
9 0 6 2 196 
13 2 2 1 120 
15 1 7 0 173 
13 1 13 0 183 
2 1 14 3 146 
2 2 4 2 181 
13 2 4 0 200 
5 2 6 0 115 
14 1 7 2 192 
7 1 8 1 183 
6 2 2 3 101 
1 1 14 1 107 
0 1 1 0 193 
4 2 7 2 177 
0 0 0 0 135 
17 0 0 3 126 
3 0 5 0 194 
7 2 12 0 168 
6 0 1 3 167 
11 2 8 2 159 
10 0 0 2 102 
11 2 1 2 171 
9 2 3 3 158 
19 1 8 1 161 
7 0 2 0 191 
14 1 13 1 110 
9 0 5 2 193 
15 2 12 3 103 
17 2 1 1 129 
17 1 1 3 194 
8 0 11 2 156 
5 1 3 1 130 
11 1 6 0 143 
6 2 11 2 141 
17 2 10 1 186 
19 0 3 0 131 
6 2 12 1 126 
10 2 1 2 124 
9 1 13 0 141 
14 0 5 1 189 
14 1 5 1 108 
15 2 2 2 103 
19 2 6 3 199 
6 0 3 2 147 
18 0 14 1 128 
10 1 11 3 125 
7 2 4 2 170 
0 1 12 2 132 
11 1 7 1 179 
17 0 0 1 187 
16 0 0 2 155 
16 1 6 2 185 
1 2 8 3 140 
18 2 5 3 174 
10 2 2 2 108 
4 0 11 1 133 
9 2 0 3 175 
19 0 6 0 155 
9 1 14 1 173 
11 0 0 3 180 
17 2 4 1 107 
18 1 9 0 111 
9 2 12 3 148 
9 2 3 1 154 
16 0 0 1 115 
15 0 0 1 173 
1 2 1 2 131 
0 0 12 2 149 
4 0 1 2 156 
16 1 10 3 146 
3 2 12 2 111 
12 0 2 0 144 
16 1 10 1 192 
16 2 13 1 192 
1 1 4 1 199 
13 1 5 3 153 
7 1 3 1 200 
8 1 7 3 135 
3 0 3 2 104 
10 2 9 1 131 
4 2 2 2 136 
0 0 9 2 130 
4 1 11 3 186 
6 1 0 1 163 
13 0 8 2 103 
4 2 9 2 134 
18 1 7 2 112 
16 2 6 3 165 
0 2 8 3 158 
18 1 14 1 172 
5 1 9 3 200 
11 1 10 0 151 
15 1 1 2 161 
9 0 12 1 190 
15 2 3 2 104 
8 2 3 0 178 
19 1 0 2 167 
5 2 14 2 199 
1 2 8 2 105 
10 1 9 1 184 
9 1 6 0 14 
2 0 14 2 162 
19 2 6 2 123 
18 2 5 0 152 
5 2 5 2 139 
4 0 14 0 125 
8 1 10 1 115 
10 1 0 1 171 
10 0 12 1 188 
15 2 11 2 117 
4 1 8 0 179 
16 0 5 0 168 
2 1 6 1 108 
5 2 2 0 188 
13 0 10 2 159 
18 2 1 3 195 
16 1 7 1 148 
8 2 6 1 115 
0 0 3 1 197 
3 2 0 2 120 
19 2 8 0 179 
18 1 1 1 152 
14 1 13 2 132 
14 0 0 2 122 
9 0 11 2 160 
7 0 13 3 186 
5 2 6 3 168 
19 0 9 3 147 
2 0 5 3 101 
11 0 9 3 109 
19 1 9 3 103 
1 1 4 2 128 
1 0 9 2 118 
2 0 9 1 168 
8 0 2 3 141 
18 0 11 1 168 
17 0 2 2 126 
15 0 0 0 160 
18 1 12 0 179 
3 2 9 1 151 
8 0 6 2 169 
9 1 8 0 179 
0 0 2 2 173 
12 2 12 0 166 
18 1 3 0 104 
15 1 14 2 137 
5 1 7 0 144 
10 2 1 0 151 
13 0 2 0 142 
11 2 4 2 150 
5 1 10 1 157 
11 1 0 3 111 
19 1 13 1 199 
10 1 8 1 190 
19 1 10 3 182 
15 2 7 0 180 
6 1 14 1 157 
19 2 0 0 99 
4 2 13 0 104 
14 2 7 2 140 
17 1 5 1 116 
12 0 10 2 152 
16 2 11 2 166 
16 1 3 3 139 
0 2 14 0 149 
13 0 1 2 133 
3 0 1 0 122 
7 1 13 2 193 
19 2 0 3 191 
4 1 4 3 128 
17 2 0 0 119 
0 2 12 3 146 
12 1 9 1 106 
7 1 5 1 140 
13 0 1 3 105 
0 0 4 0 187 
14 0 4 2 151 
16 0 12 2 198 
1 2 3 3 128 
1 2 7 1 131 
16 2 6 1 151 
5 2 7 0 118 
0 1 9 1 181 
18 2 6 3 197 
7 0 9 2 125 
14 0 3 0 102 
18 1 2 1 184 
11 1 13 2 175 
7 1 8 0 149 
15 2 9 3 129 
10 2 12 3 196 
8 1 0 1 200 
2 0 1 1 188 
8 0 10 2 121 
2 0 10 3 127 
14 1 1 1 147 
10 2 11 3 153 
7 0 8 2 184 
0 1 12 0 194 
18 1 4 0 144 
12 1 9 2 181 
7 1 12 2 159 
4 0 11 0 158 
11 0 10 0 146 
17 0 12 3 177 
19 1 2 1 198 
13 0 1 1 141 
18 2 12 3 132 
17 0 4 2 196 
5 0 6 1 116 
0 1 1 3 169 
15 0 3 2 161 
2 1 11 2 162 
1 0 12 3 144 
16 0 12 0 132 
18 1 14 2 134 
6 0 9 3 121 
6 1 11 0 123 
15 2 8 2 139 
18 1 4 3 118 
14 0 5 2 186 
2 0 0 3 117 
9 2 7 1 34 
19 2 1 2 186 
15 2 5 0 141 
3 0 7 1 110 
14 1 11 0 198 
3 0 9 2 200 
14 2 6 0 105 
9 1 5 2 149 
12 2 14 2 196 
13 1 12 1 161 
3 2 7 2 188 
6 1 5 0 141 
17 2 6 2 108 
4 0 2 3 189 
11 2 14 0 172 
9 2 8 1 145 
5 2 13 1 132 
17 0 2 1 142 
0 0 4 2 119 
8 0 12 1 156 
7 0 6 2 118 
14 0 12 3 117 
17 2 3 0 127 
15 1 14 3 196 
11 1 5 1 119 
12 0 3 1 135 
3 1 1 0 157 
7 0 4 1 131 
11 0 3 3 195 
4 1 14 0 149 
18 0 7 1 178 
6 1 14 0 102 
3 1 1 1 196 
11 0 12 3 174 
19 0 6 2 197 
0 2 7 2 127 
7 1 7 0 171 
19 1 13 2 199 
17 2 11 0 132 
10 0 12 3 140 
0 2 4 1 171 
8 2 0 0 129 
0 1 14 3 144 
2 1 3 0 173 
8 1 13 2 115 
5 0 9 1 192 
1 2 12 0 131 
16 1 4 3 151 
9 0 10 2 194 
9 2 14 3 103 
4 1 12 1 116 
2 2 10 0 170 
10 1 10 2 105 
13 0 14 3 127 
19 2 1 1 156 
4 1 3 2 196 
13 0 1 0 163 
9 2 13 3 126 
11 1 8 1 158 
9 2 12 2 124 
9 2 10 2 160 
10 1 2 1 162 
3 0 1 1 115 
8 1 3 3 144 
4 0 8 3 152 
3 0 10 1 166 
0 2 2 1 101 
13 2 4 2 181 
1 0 9 0 148 
12 1 0 3 112 
10 1 8 3 124 
5 0 9 2 141 
18 0 5 0 108 
19 1 11 3 146 
19 2 11 2 171 
6 1 8 2 199 
10 2 6 2 192 
5 0 6 3 132 
3 2 14 2 189 
5 0 4 2 127 
13 1 1 3 107 
18 0 3 1 130 
7 1 7 1 107 
5 1 7 3 117 
11 0 2 1 128 
13 0 3 1 173 
8 2 2 0 53 
18 2 3 2 169 
0 2 0 2 104 
1 1 2 0 174 
2 2 1 0 151 
3 0 11 3 192 
11 2 2 2 155 
1 2 2 1 116 
1 0 8 0 173 
4 2 6 1 131 
16 1 11 3 179 
6 1 4 0 137 
18 0 0 3 175 
10 1 11 1 157 
8 1 9 1 196 
13 2 10 1 107 
18 0 13 0 171 
6 2 13 2 123 
18 2 12 2 122 
16 0 1 1 102 
13 1 7 0 178 
7 2 6 0 167 
7 1 10 1 198 
14 1 4 3 145 
0 1 10 3 104 
0 1 5 0 159 
15 0 13 1 183 
17 0 14 1 136 
0 1 3 3 110 
4 1 4 1 122 
8 0 4 1 140 
19 0 0 0 112 
11 0 6 1 198 
9 0 4 3 131 
13 2 13 0 113 
8 0 14 2 184 
3 1 0 1 165 
7 1 4 2 67 
8 1 8 0 118 
16 0 9 3 111 
5 0 3 0 159 
12 2 3 1 137 
4 1 1 0 111 
12 2 0 3 176 
2 0 7 2 157 
12 1 6 0 120 
13 2 9 1 181 
10 1 2 2 36 
5 1 8 1 197 
18 2 9 1 114 
5 0 1 3 115 
7 0 3 3 134 
16 0 2 0 146 
19 2 1 3 200 
9 2 11 1 120 
13 0 10 3 175 
5 1 12 1 191 
13 1 12 2 171 
1 0 6 2 174 
9 0 7 0 130 
1 1 11 2 176 
13 1 3 0 180 
8 1 11 3 144 
7 1 5 0 145 
2 2 6 1 124 
4 1 12 0 151 
2 2 11 1 173 
5 2 8 1 119 
15 1 7 1 138 
19 0 8 0 106 
7 0 9 1 171 
4 1 14 1 173 
8 0 12 0 177 
0 2 9 1 139 
3 2 1 2 127 
1 1 2 2 154 
6 1 7 2 146 
1 1 12 2 154 
0 2 14 1 126 
5 0 7 1 191 
11 1 7 2 144 
10 1 3 2 193 
2 1 13 3 198 
13 0 8 0 104 
6 2 10 0 119 
11 0 4 2 195 
15 2 4 3 170 
4 1 2 2 161 
2 2 5 2 192 
1 0 6 1 121 
3 1 3 2 104 
2 2 11 3 165 
17 2 1 2 148 
6 1 1 2 178 
13 0 6 0 162 
7 2 0 3 141 
17 2 14 3 135 
19 2 4 0 106 
0 0 5 2 150 
6 2 2 1 136 
12 0 5 0 159 
19 0 7 0 178 
16 0 10 1 130 
5 2 14 1 146 
15 0 13 2 118 
19 0 10 3 134 
3 2 14 1 185 
14 1 10 2 133 
6 2 7 2 115 
11 2 3 2 191 
5 1 13 1 133 
3 1 9 3 194 
4 1 1 1 158 
13 1 2 2 135 
19 2 6 0 172 
15 1 0 3 54 
12 2 3 0 116 
19 2 9 1 163 
16 2 2 2 119 
11 0 0 2 153 
16 1 13 3 148 
19 1 1 1 145 
0 0 9 1 125 
15 1 9 1 141 
10 0 8 3 160 
12 0 0 2 192 
18 1 7 0 139 
7 0 6 1 117 
14 2 5 2 129 
13 1 6 3 133 
7 2 4 1 198 
4 0 5 1 176 
13 1 14 1 170 
10 2 8 1 151 
18 1 8 1 181 
12 1 8 0 161 
2 2 2 3 159 
14 0 13 0 139 
0 2 12 1 166 
8 0 7 2 150 
1 1 13 3 160 
10 1 4 0 199 
6 0 5 2 170 
16 1 12 3 105 
15 1 10 0 162 
8 0 1 2 126 
10 0 10 1 193 
0 0 10 1 111 
4 1 11 0 155 
8 0 1 0 125 
14 0 6 1 135 
8 0 6 1 116 
19 1 0 3 132 
7 1 4 0 181 
14 2 3 3 106 
5 0 14 0 161 
14 1 12 3 105 
3 1 14 1 144 
1 0 9 1 142 
3 2 13 1 111 
9 0 2 3 134 
5 0 11 3 183 
17 0 6 1 159 
18 2 4 2 193 
5 2 11 3 200 
4 2 14 1 185 
19 0 2 0 122 
18 0 9 2 116 
6 1 13 3 151 
13 2 1 2 196 
13 1 14 3 113 
4 2 5 1 147 
7 2 1 3 164 
17 0 14 0 146 
7 1 0 3 184 
12 0 0 3 180 
12 0 4 2 173 
10 0 5 1 109 
8 2 11 1 174 
11 0 5 0 138 
14 2 12 2 178 
11 1 12 2 143 
13 1 1 1 178 
4 0 11 2 185 
6 1 8 3 183 
0 0 1 1 116 
19 0 0 2 179 
0 1 10 0 192 
17 2 5 1 117 
7 0 14 3 132 
5 1 12 2 170 
9 0 12 0 198 
15 0 5 0 110 
14 2 14 3 128 
17 1 12 3 104 
11 1 1 3 185 
4 2 14 0 200 
7 0 7 2 194 
4 1 13 0 135 
12 1 7 0 117 
11 1 1 0 196 
15 0 6 0 112 
12 2 10 1 166 
0 2 8 2 176 
2 1 5 0 121 
16 1 12 1 102 
18 1 8 0 127 
17 2 2 1 141 
3 1 9 1 190 
5 1 9 0 146 
19 1 4 2 152 
19 2 8 2 184 
0 1 1 2 179 
7 0 8 0 122 
7 2 9 0 162 
17 2 5 0 122 
9 2 13 2 112 
1 1 1 2 138 
13 0 0 3 148 
4 1 9 3 169 
5 2 9 3 186 
10 1 12 2 108 
12 1 4 3 190 
6 0 6 0 192 
13 0 14 1 198 
1 1 11 0 154 
14 1 6 0 148 
4 0 2 0 105 
19 2 9 3 112 
2 1 0 3 147 
8 1 1 0 177 
8 1 5 2 146 
10 0 10 2 106 
13 1 10 3 125 
6 1 12 0 140 
7 1 5 2 135 
6 1 8 0 200 
7 1 10 3 174 
9 0 1 1 91 
0 0 9 3 120 
17 0 11 3 113 
17 2 13 1 140 
19 2 9 2 182 
9 2 8 2 144 
3 0 13 2 151 
0 1 11 1 173 
7 0 7 3 167 
7 2 13 1 178 
12 2 6 1 123 
7 2 11 1 151 
12 1 7 1 165 
19 0 5 3 121 
1 2 11 1 175 
3 0 3 1 142 
7 1 0 0 190 
18 2 0 2 130 
4 1 0 3 175 
0 1 2 2 161 
1 1 6 2 186 
2 1 6 0 164 
12 0 5 2 141 
15 0 7 2 139 
19 0 12 2 161 
1 1 7 2 182 
0 2 1 0 111 
10 2 5 1 196 
5 1 3 3 199 
3 1 6 0 170 
13 2 13 3 170 
3 1 7 3 105 
19 1 7 1 181 
8 1 12 1 171 
3 0 8 0 150 
5 2 1 1 175 
7 2 11 3 171 
8 0 4 3 174 
17 1 10 0 116 
10 0 11 2 135 
0 2 14 2 200 
2 2 13 3 140 
19 1 3 1 143 
15 1 11 1 160 
14 0 10 0 135 
0 1 12 3 109 
14 1 6 1 172 
3 2 1 0 103 
12 1 1 3 141 
15 1 8 1 104 
7 1 7 2 166 
11 1 9 1 143 
2 1 12 2 111 
6 2 10 3 194 
6 1 14 2 124 
18 1 12 3 140 
14 0 3 2 147 
7 1 13 0 148 
12 1 11 3 128 
12 0 7 1 132 
4 2 3 0 108 
17 1 10 1 192 
18 1 5 0 111 
8 2 1 2 134 
16 0 1 2 112 
6 0 3 3 122 
19 1 14 3 139 
15 0 12 3 155 
16 1 5 0 121 
9 2 1 3 165 
14 1 6 2 162 
18 0 11 2 175 
3 0 12 3 145 
2 1 7 1 169 
7 0 14 0 139 
14 1 6 3 154 
16 2 11 3 143 
18 2 1 1 188 
7 0 1 1 138 
19 2 13 0 171 
3 0 12 2 179 
16 0 3 3 189 
0 1 0 1 118 
6 0 8 0 152 
10 1 14 2 187 
19 2 11 0 153 
9 2 6 1 107 
0 1 4 3 136 
0 2 9 3 180 
17 0 8 3 145 
16 1 3 1 175 
9 0 7 2 122 
19 1 14 1 114 
10 1 2 3 173 
15 1 4 2 136 
19 0 14 2 140 
14 2 9 2 140 
5 0 11 1 156 
14 1 0 2 126 
2 2 12 3 184 
17 0 0 2 188 
11 1 6 3 136 
2 0 2 2 116 
11 1 14 0 162 
19 0 5 1 143 
15 0 12 0 149 
6 0 2 1 179 
13 1 0 0 191 
8 0 3 3 119 
16 0 11 0 126 
3 2 11 0 156 
6 0 7 2 189 
3 2 10 2 186 
16 2 5 3 103 
5 1 11 3 107 
18 1 11 1 114 
1 0 6 0 147 
16 0 10 0 192 
2 0 3 0 144 
13 2 7 1 169 
11 2 12 0 112 
10 0 0 3 101 
6 1 11 1 119 
2 0 4 2 124 
12 2 0 0 144 
9 2 14 0 176 
8 2 13 0 129 
9 1 3 0 132 
17 0 7 0 182 
19 0 7 2 189 
19 2 12 2 146 
6 0 12 0 114 
8 0 5 3 185 
0 1 10 1 123 
16 1 10 0 115 
18 0 11 3 125 
1 2 1 0 126 
3 2 0 3 112 
11 2 13 0 166 
16 0 10 2 120 
0 0 11 2 146 
12 1 2 2 139 
5 2 4 2 155 
15 1 8 2 194 
1 1 11 3 162 
7 0 10 2 127 
6 0 6 2 139 
9 1 13 1 103 
9 1 5 0 156 
17 2 9 1 197 
0 0 14 1 180 
2 0 8 3 192 
0 2 4 2 170 
1 0 13 2 128 
14 2 2 1 109 
6 0 7 3 194 
14 2 3 2 146 
16 0 14 2 150 
11 2 4 1 126 
3 1 10 0 122 
18 0 0 0 168 
11 2 10 1 151 
13 1 4 1 176 
7 1 1 0 130 
14 0 4 1 147 
3 1 4 1 122 
17 2 7 1 154 
16 0 4 0 141 
7 0 4 3 133 
11 2 8 3 190 
18 0 10 2 181 
11 0 2 3 126 
2 0 14 3 197 
3 2 6 0 137 
11 2 14 1 17 
7 2 2 1 125 
4 1 14 3 173 
13 1 8 1 191 
5 2 9 2 112 
8 2 11 3 156 
3 1 12 0 135 
3 0 9 3 111 
2 1 8 2 117 
11 0 7 2 194 
2 2 12 0 140 
2 2 4 3 172 
1 2 4 3 123 
10 2 1 3 191 
6 0 2 2 122 
11 0 4 3 141 
4 0 2 2 102 
5 1 12 0 184 
4 1 11 2 187 
18 0 10 0 142 
18 0 12 3 110 
12 0 14 1 148 
13 0 9 3 129 
18 0 1 0 130 
18 0 13 3 158 
13 1 9 3 146 
6 2 5 1 186 
5 0 10 2 145 
0 1 1 1 120 
2 2 7 2 123 
16 2 10 0 162 
7 0 7 1 159 
6 1 4 1 162 
18 2 13 3 134 
18 2 2 0 133 
6 1 6 2 186 
11 0 1 0 183 
7 2 14 3 111 
2 0 14 0 121 
8 1 9 2 133 
2 1 8 0 132 
9 0 13 0 144 
6 2 13 3 171 
4 2 11 3 105 
10 1 9 3 110 
1 0 1 0 161 
8 0 0 1 195 
1 1 6 3 167 
9 0 4 1 142 
10 2 9 2 125 
16 0 12 3 200 
19 2 12 3 106 
4 0 4 1 114 
0 1 4 1 168 
11 0 0 1 106 
14 1 12 0 194 
3 2 3 1 121 
10 1 9 0 133 
19 1 6 3 115 
8 0 5 1 111 
12 2 2 1 136 
8 2 6 3 169 
0 1 6 3 121 
4 2 5 3 136 
12 0 3 0 115 
1 2 13 3 140 
15 2 5 3 152 
15 1 2 0 138 
0 2 12 0 192 
15 0 7 0 140 
2 2 1 1 124 
1 1 4 0 192 
9 2 8 3 136 
9 0 2 2 122 
10 0 14 0 194 
19 1 11 2 196 
6 0 1 1 159 
18 0 12 1 171 
13 1 8 0 146 
4 0 13 1 136 
16 2 9 0 112 
14 1 10 1 121 
12 2 0 1 131 
12 0 2 2 152 
17 2 0 1 153 
15 0 2 1 187 
8 1 6 1 110 
11 0 2 2 178 
11 2 10 2 119 
4 0 1 0 160 
2 0 12 1 132 
19 2 11 1 170 
18 2 6 0 110 
0 1 13 1 190 
1 0 7 2 188 
0 2 5 2 102 
12 1 8 1 108 
12 0 5 1 117 
5 2 1 3 164 
3 2 3 0 135 
1 2 11 0 181 
15 0 11 0 195 
14 2 5 0 176 
3 0 4 3 114 
14 2 0 2 148 
5 0 6 2 143 
17 1 10 2 111 
18 2 4 3 154 
0 2 3 1 158 
1 0 5 1 172 
15 1 12 0 169 
10 0 7 3 200 
8 0 4 2 114 
13 1 9 1 131 
14 0 2 2 173 
2 0 8 0 120 
3 0 8 1 182 
17 0 5 2 137 
4 2 10 1 131 
1 0 14 1 157 
17 0 13 3 102 
1 1 10 1 163 
2 2 11 2 200 
9 1 2 3 176 
4 0 7 0 106 
4 2 9 3 136 
15 2 6 2 143 
12 0 0 0 106 
18 1 7 1 113 
16 1 11 0 170 
4 2 8 1 101 
18 1 1 2 192 
7 1 10 2 106 
7 0 13 1 140 
14 2 8 1 102 
14 1 12 1 126 
13 2 8 1 159 
1 0 11 1 172 
14 1 7 1 157 
19 1 10 2 110 
15 1 14 0 179 
0 0 2 0 171 
19 1 8 0 183 
3 1 3 3 196 
17 1 2 2 195 
15 1 11 0 154 
4 2 14 3 128 
17 0 9 3 137 
19 0 6 1 170 
3 1 5 0 144 
9 1 11 3 121 
0 0 4 1 140 
6 1 10 0 164 
6 0 13 0 183 
17 2 10 0 133 
5 1 11 0 161 
9 2 2 0 167 
4 0 4 2 162 
8 2 10 2 146 
6 2 11 0 185 
5 2 5 0 149 
14 1 7 3 196 
9 2 5 2 120 
1 2 3 1 174 
9 1 9 0 142 
15 2 2 3 180 
3 2 4 2 191 
12 2 13 0 154 
2 2 7 1 121 
13 2 12 0 117 
18 1 2 0 126 
4 1 11 1 114 
19 2 4 1 191 
7 2 13 0 164 
7 2 7 2 106 
12 1 12 2 125 
2 0 1 0 187 
7 2 11 2 168 
9 1 0 3 127 
14 1 3 1 156 
11 2 8 1 137 
9 0 4 2 154 
17 2 12 1 108 
11 1 3 0 119 
11 0 10 1 125 
2 2 6 3 119 
0 0 13 0 139 
1 2 9 0 128 
4 2 4 2 115 
4 1 4 0 187 
19 1 5 3 103 
5 1 14 0 123 
8 2 6 0 110 
15 1 0 0 144 
14 2 12 0 115 
18 2 14 0 4 
6 0 10 1 178 
4 1 6 2 125 
2 1 2 3 101 
19 0 2 3 176 
11 1 14 2 139 
16 2 9 3 188 
19 1 6 2 175 
12 0 7 2 156 
16 1 13 0 104 
6 0 14 1 123 
0 0 8 1 181 
15 0 4 0 118 
3 1 12 2 144 
19 2 1 0 164 
15 2 12 0 81 
10 1 3 1 110 
2 2 14 0 121 
16 1 6 1 196 
4 0 2 1 117 
17 0 13 0 164 
8 1 10 3 103 
1 2 9 1 173 
6 1 0 2 120 
15 0 1 0 137 
10 1 1 1 167 
0 1 2 1 107 
11 1 13 1 108 
5 0 0 3 147 
11 0 13 1 111 
8 2 6 2 135 
4 2 10 2 141 
9 2 1 2 103 
14 0 10 1 138 
7 2 7 1 198 
2 1 1 2 159 
7 1 8 2 196 
19 1 1 2 122 
6 1 0 0 116 
10 1 3 0 192 
14 2 6 1 170 
2 0 1 3 145 
12 1 0 1 187 
17 0 1 2 174 
3 1 6 2 119 
2 2 1 3 124 
4 1 1 2 143 
16 2 2 0 147 
19 2 3 3 115 
8 2 5 0 163 
14 2 10 1 108 
10 0 10 0 125 
12 0 4 0 128 
14 2 1 2 103 
17 0 7 2 158 
5 1 13 3 191 
15 0 5 1 131 
15 2 13 2 142 
19 2 13 2 168 
5 2 0 0 169 
7 1 12 3 176 
8 0 14 0 198 
1 1 14 3 111 
4 0 0 2 122 
0 1 7 2 152 
19 0 3 2 162 
13 0 4 1 101 
5 0 1 2 152 
16 0 6 0 139 
3 1 7 1 145 
7 2 2 3 191 
2 2 0 0 118 
14 2 2 2 150 
6 2 3 1 101 
6 2 8 0 174 
2 0 11 1 141 
7 1 6 0 132 
11 2 10 0 111 
10 2 2 1 110 
15 2 3 3 103 
9 1 12 3 167 
11 0 12 1 168 
3 0 4 0 158 
14 0 7 3 178 
0 0 10 0 195 
13 1 4 3 105 
15 0 14 1 186 
8 1 4 2 138 
2 0 3 3 163 
1 2 4 0 179 
18 2 2 1 141 
5 2 8 2 185 
0 2 9 2 155 
9 1 4 2 157 
2 2 13 2 139 
8 1 12 3 158 
17 2 14 0 105 
1 1 1 3 179 
6 1 4 3 135 
15 1 2 3 196 
4 2 6 2 182 
10 1 2 0 186 
5 2 7 1 101 
15 1 1 0 179 
14 0 4 0 178 
14 0 5 0 147 
15 0 0 3 181 
4 1 8 1 135 
0 2 10 0 155 
1 1 10 0 176 
0 1 11 3 144 
13 0 12 0 164 
12 1 0 0 120 
3 1 8 1 195 
5 0 0 1 159 
12 0 8 1 137 
5 1 3 0 192 
14 1 8 0 115 
17 1 14 2 169 
13 0 7 3 199 
15 0 13 0 153 
10 2 3 3 105 
6 0 3 1 106 
10 1 0 3 191 
13 2 10 0 195 
2 1 4 0 118 
7 2 3 0 137 
18 0 8 3 120 
12 1 13 1 127 
4 2 0 2 110 
6 0 4 0 160 
8 1 14 2 185 
14 2 8 3 147 
11 1 0 1 154 
6 0 11 0 179 
4 2 2 3 113 
15 2 11 1 177 
4 2 9 1 183 
1 1 5 1 112 
19 0 5 0 168 
14 0 10 2 164 
11 0 14 3 185 
13 0 7 2 153 
12 2 6 2 85 
16 0 13 0 148 
1 0 14 2 182 
5 1 9 1 165 
10 0 13 1 185 
18 2 2 3 104 
9 1 14 3 131 
16 1 13 2 197 
1 2 1 1 124 
1 2 10 2 193 
18 1 0 1 194 
4 2 12 0 178 
5 1 13 2 124 
7 0 3 0 186 
9 0 10 1 150 
6 2 8 2 186 
6 2 11 3 196 
14 1 4 2 114 
16 2 8 0 160 
14 2 12 1 178 
9 0 8 3 194 
5 1 5 2 164 
2 2 14 1 176 
19 2 4 3 120 
2 2 7 0 141 
13 1 0 3 122 
16 1 1 0 192 
0 1 12 1 174 
17 2 1 3 180 
16 2 4 2 117 
4 2 13 1 106 
4 0 12 1 150 
11 1 1 2 145 
15 2 0 0 182 
4 2 7 0 164 
7 0 10 3 190 
7 1 5 3 196 
17 1 0 1 139 
2 1 0 2 160 
14 2 4 1 132 
18 1 2 3 171 
16 1 6 3 130 
4 0 6 0 139 
15 0 3 0 150 
4 2 9 0 139 
4 2 11 2 188 
9 0 11 0 142 
10 2 10 0 116 
1 0 11 0 124 
4 0 7 3 144 
4 1 0 0 163 
6 0 8 2 199 
15 1 6 1 109 
14 0 14 3 114 
11 1 2 3 190 
10 2 0 2 166 
14 2 9 1 111 
2 1 13 1 112 
4 2 2 1 191 
8 0 10 3 120 
16 2 2 3 117 
4 1 7 1 158 
19 1 12 0 144 
17 2 11 2 124 
3 1 1 3 146 
8 2 11 0 135 
9 2 0 2 127 
13 0 6 1 149 
